Operación 2:
0.142857
[0.0714285714285714 0.0714285714285714 0.0714285714285714 0.0714285714285714 0.0714285714285714 0.0714285714285714 0.142857142857143 0.142857142857143 0.142857142857143 0.142857142857143]
Operación 3:
0.142857
[0.0714285714285714 0.0714285714285714 0.0714285714285714 0.0714285714285714 0.142857142857143 0.142857142857143 0.142857142857143 0.142857142857143 0.142857142857143]
Operación 4:
0.142857
[0.0714285714285714 0.0714285714285714 0.142857142857143 0.142857142857143 0.142857142857143 0.142857142857143 0.142857142857143 0.142857142857143]
Operación 5:
0.142857
[0.142857142857143 0.142857142857143 0.142857142857143 0.142857142857143 0.142857142857143 0.142857142857143 0.142857142857143]
Operación 6:
0.285714
[0.142857142857143 0.142857142857143 0.142857142857143 0.142857142857143 0.142857142857143 0.285714285714286]
Operación 7:
0.285714
[0.142857142857143 0.142857142857143 0.142857142857143 0.285714285714286 0.285714285714286]
Operación 8:
0.285714
[0.142857142857143 0.285714285714286 0.285714285714286 0.285714285714286]
Operación 9:
0.428571
[0.285714285714286 0.285714285714286 0.428571428571429]
Operación 10:
0.571429
[0.428571428571429 0.571428571428571]
